20
NULL 0 NULL 0
q 3 0,255,0,255,0,32767,0,32767,0,32767 NULL -1 0 0 	# q [71 ]a
u 3 0,255,0,255,0,32767,0,32767,0,32767 NULL -1 0 0 	# u [75 ]a
z 3 0,255,0,255,0,32767,0,32767,0,32767 NULL -1 0 0 	# z [7a ]a
n 3 0,255,0,255,0,32767,0,32767,0,32767 NULL -1 0 0 	# n [6e ]a
w 3 0,255,0,255,0,32767,0,32767,0,32767 NULL -1 0 0 	# w [77 ]a
v 3 0,255,0,255,0,32767,0,32767,0,32767 NULL -1 0 0 	# v [76 ]a
| 10 0,255,0,255,0,32767,0,32767,0,32767 NULL 7 0 0 	# | [7c ]p
° 10 0,255,0,255,0,32767,0,32767,0,32767 NULL 8 0 0 	# ° [b0 ]p
» 10 0,255,0,255,0,32767,0,32767,0,32767 NULL 9 0 0 	# » [bb ]p
. 10 0,255,0,255,0,32767,0,32767,0,32767 NULL 10 0 0 	# . [2e ]p
r 3 0,255,0,255,0,32767,0,32767,0,32767 NULL -1 0 0 	# r [72 ]a
- 10 0,255,0,255,0,32767,0,32767,0,32767 NULL 12 0 0 	# - [2d ]p
= 10 0,255,0,255,0,32767,0,32767,0,32767 NULL 13 0 0 	# = [3d ]p
x 3 0,255,0,255,0,32767,0,32767,0,32767 NULL -1 0 0 	# x [78 ]a
~ 10 0,255,0,255,0,32767,0,32767,0,32767 NULL 15 0 0 	# ~ [7e ]p
, 10 0,255,0,255,0,32767,0,32767,0,32767 NULL 16 0 0 	# , [2c ]p
¢ 10 0,255,0,255,0,32767,0,32767,0,32767 NULL 17 0 0 	# ¢ [a2 ]p
_ 10 0,255,0,255,0,32767,0,32767,0,32767 NULL 18 0 0 	# _ [5f ]p
1 8 0,255,0,255,0,32767,0,32767,0,32767 NULL 19 0 0 	# 1 [31 ]0
